residue  prediction
0 0.2674621621312859
1 0.03729645601345945
2 0.0276944663080008
3 0.15630829381540934
4 0.05895829096150043
5 0.25484664708071797
6 0.16124957927218764
7 0.02517539593511179
8 0.03139490446694008
9 0.03411466436804029
10 0.125207252930358
11 0.050984233929186405
12 0.05137794473042486
13 0.33923221944378734
14 0.416277703622562
15 0.25795405976332
16 0.12022260099920129
17 0.15670472889833123
18 0.2658892525856312
19 0.12362828149964211
20 0.02178323738834989
21 0.018606957757993533
22 0.005087545678654004
23 0.12126372189572229
24 0.006134028798756854
25 0.0132507489929036
26 0.038647907851210125
27 0.0026020707589805305
28 0.004902718620217827
29 0.00805061969583882
30 0.004220204260337338
31 0.008020446567913961
32 0.005716503145143049
33 0.024658967303421476
34 0.09628685033565682
35 0.5383973303836119
36 0.7587520790483653
37 0.6889946090305128
38 0.8494781477858674
39 0.20228550782758153
40 0.7256257944285813
41 0.026030841875886866
42 0.06776048996650531
43 0.014363207224460363
44 0.03834102810819618
45 0.04897401460178044
46 0.011182396697259907
47 0.011213045150077684
48 0.03148247578509159
49 0.00488148991547035
50 0.005278719093806833
51 0.053402671954190684
52 0.004925357911453211
53 0.005221113759077914
54 0.018336525298180223
55 0.30515704611399314
56 0.38916855821431484
57 0.0484657064147442
58 0.21273899591370996
59 0.2559822838922119
60 0.6264674575453307
61 0.12390582081043383
62 0.19203662478826597
63 0.46959992891655017
64 0.03360392415561714
65 0.02400854530132545
66 0.03614664915138533
67 0.029533988968051848
68 0.07288062218692876
69 0.13824015782280927
70 0.027137269786494406
71 0.713587421443013
72 0.14614609215023525
73 0.5538480005189061
74 0.27436554780244377
75 0.4230736202138726
76 0.13923796310477707
77 0.028928291536384786
78 0.09072460728716349
79 0.13682391060969662
80 0.8320738753837856
81 0.005518721474667762
82 0.021619655895271494
83 0.2254948880449964
84 0.006177323160889304
85 0.0062308647967700545
86 0.007817298728365006
87 0.021374055580634425
88 0.01355059494394189
89 0.02781537903420172
90 0.18019135684193116
91 0.024686076910616667
92 0.034954124883844695
93 0.010761701300140853
94 0.023721149258686
95 0.05846550484132487
96 0.5972469503823845
97 0.06493283888929298
98 0.06121400140092418
99 0.022687956517129
100 0.06287551073679151
101 0.06854733939675578
102 0.08535608059010105
103 0.12594993762316092
104 0.09633991512906075
105 0.10325249310879661
106 0.26350563149222284
107 0.36762489577493773
108 0.3924685491597698
109 0.7705987411699818
110 0.26720508529944165
111 0.03269330215372423
112 0.0890804033384912
113 0.33785860782135124
114 0.025904186152761823
115 0.03765558200356813
116 0.4591719963896524
117 0.20648220225339883
118 0.22445219832369107
119 0.13637062616390214
120 0.04861659953605465
121 0.03639174150601426
122 0.08491274758285514
123 0.02757325860134472
124 0.015202623786802871
125 0.013358082194497375
126 0.024013851595576365
127 0.008048862867143248
128 0.0691232774403149
129 0.018968255508023342
130 0.046467358110065866
131 0.2222723934279705
132 0.03960520504533657
133 0.038338580025228226
134 0.003161128928682619
135 0.0036866729192459305
136 0.001803823666251588
137 0.0017429775560162271
138 0.00435729704155329
139 0.007066961244934297
140 0.00561987008154285
141 0.012554123024835844
142 0.005832949382509948
143 0.012847999452764816
144 0.0025799594071389473
145 0.0018510572666996907
146 0.018521657701974743
147 0.00438834819890391
148 0.017671467215970776
149 0.01327462876242142
150 0.05382941790884026
151 0.03309278707861084
152 0.01141272393153363
153 0.011560997183712798
154 0.01619158577926612
155 0.021616866381122535
156 0.009360119934957334
157 0.027431026505540343
158 0.016237418686397696
159 0.041534853771622283
160 0.05230729142530621
161 0.00953418953463055
162 0.02958062300738231
163 0.012380228426721505
164 0.010995317402812314
165 0.0034240758762443695
166 0.02271665058898943
167 0.004456055665252875
168 0.00390723987094053
169 0.004707532573984451
170 0.006638263271171119
171 0.10010732774622329
172 0.010016517455204807
173 0.1146008913199497
174 0.018043050931412896
175 0.01791269356973987
176 0.025329841713369907
177 0.005735481491459719
178 0.01717187037941546
179 0.005070661467227698
180 0.019838232808982146
181 0.016590855369038496
182 0.014629010131625583
183 0.008731746489473047
184 0.008157085136373681
185 0.003851363161920681
186 0.010319236035275405
187 0.007233427527235406
188 0.025191343394891947
189 0.03471281792729308
190 0.0313604990214547
191 0.016780718864898757
192 0.015805809017937593
193 0.0073789992587005564
194 0.04184784149588115
195 0.03534014367209441
196 0.03689125786207591
197 0.005104530325343928
198 0.01487681180862037
199 0.009772189462811467
200 0.011761005697555033
201 0.004304392677020147
202 0.015593148044554247
203 0.012558024806167052
204 0.012153062926462281
205 0.016686214145236383
206 0.022004691760702307
207 0.01609111059850094
208 0.0066016420591662435
209 0.030518304294287483
210 0.029569375315768625
211 0.03686862520033804
212 0.013327537359030485
213 0.018399528133298686
214 0.04058761875705104
215 0.020846783619276624
216 0.012676489977795137
217 0.12679779555737936
218 0.2338156910576883
219 0.01346724860555496
220 0.028828112336283747
221 0.06338455542121592
222 0.04357123736676698
223 0.005131126104377454
224 0.014577918582765133
225 0.0188015678549047
226 0.07018977861264966
227 0.002942569242676086
228 0.039186848249642504
229 0.052154904271922375
230 0.017307495861747586
231 0.04859759177397594
232 0.022403621084822772
233 0.024357279044401946
234 0.017919801269512828
235 0.035726985196982815
236 0.14398112376757294
237 0.053301897295670655
238 0.06479930877473115
239 0.055250997173011185
240 0.04732437758487902
241 0.179119101487559
242 0.030179286316634923
243 0.03086859820696282
244 0.006584422179071291
245 0.010364273470882725
246 0.010148133984688218
247 0.008811295134058223
248 0.0244959125186424
249 0.019327174158318458
250 0.1036923136857488
251 0.026500562720976964
252 0.0883914185151404
253 0.05526947710099207
254 0.06121726448484228
255 0.19763704320205228
256 0.020371080781216733
257 0.2304819846302089
258 0.05636026448927692
259 0.012711059033073952
260 0.062121648898344074
261 0.05928749730588655
262 0.09503221070240891
263 0.03267590176294339
264 0.0767512725400177
265 0.09008753166627496
266 0.2342947294982927
267 0.0775882528912904
268 0.08297309037215933
269 0.07587028113788014
270 0.39220259716191114
271 0.14689427268197203
272 0.06819993762317123
273 0.27737452069899726
274 0.014815201301927532
275 0.010210108856191972
276 0.07460648543296494
277 0.07504229030020258
278 0.14704000325150476
279 0.1829143931465837
280 0.45487426051048496
281 0.32674644181141327
282 0.3553685962639491
283 0.3301093167070892
284 0.5706237797434488
285 0.6528318370127542
286 0.07001171641657748
287 0.01948418409736023
288 0.37075029700396317
289 0.15710407279583366
290 0.29338579460968317
291 0.01199934547512993
292 0.0961213851663083
293 0.15073716216058944
294 0.029015450076452027
295 0.060702773945978165
296 0.07488651577079605
297 0.021355885367159926
298 0.08839125986453811
299 0.025162597973448705
300 0.021363730255461462
301 0.009795542710488747
302 0.00986793028320154
303 0.007678682687103843
304 0.5271807182249929
305 0.006575403004972305
306 0.01309000125530054
307 0.05115632131914982
308 0.003504087889708623
309 0.016508464626311715
310 0.0030800808811338944
311 0.003108559507704437
312 0.002234718868685806
313 0.008937418959409084
314 0.005801483180344305
315 0.007761917514682136
316 0.01893153237883706
317 0.01325119570568558
318 0.1408152360424505
319 0.03002359612330928
320 0.011435604391008655
321 0.005313982500625763
322 0.23932651619275047
323 0.10830025237184389
324 0.00511214363762586
325 0.013113393391006443
326 0.15741393583774796
327 0.266734299200038
328 0.08681650654484684
329 0.26490893814470934
330 0.3109017654256375
331 0.11694756131932146
332 0.08410035183791884
333 0.6988417290352532
334 0.033196817239523446
335 0.004035940147178473
336 0.04409631897796104
337 0.48354528957008414
338 0.029348074667113932
339 0.027402834790290837
340 0.02068491892411487
341 0.1430358500681941
342 0.3130231865039569
343 0.11069259328646583
344 0.3701529288822074
345 0.2966887351060724
346 0.5236986892183438
347 0.14844460754273822
348 0.010128781277862528
349 0.01897478377651117
350 0.02895719034646924
351 0.009884953385571509
352 0.11903595687309394
353 0.2792012915354223
354 0.14598223037729652
355 0.00978321450685527
356 0.040366350974139154
357 0.014962313628265455
358 0.01289388847958828
359 0.028169864220961034
360 0.01833471500765227
361 0.0036943443569516484
362 0.04166970447797644
363 0.018205442894218063
364 0.00563409861379569
365 0.0033594121725415435
366 0.006026004978101748
367 0.004408106175623887
368 0.0026243078504724513
369 0.007202563872051593
370 0.00641897091770248
371 0.008063472114402946
372 0.01707889824204618
373 0.013328576750234368
374 0.01799080582674882
375 0.024849842577312452
376 0.003560707920399179
377 0.005546053807902649
378 0.01078424293053666
379 0.005609505147965295
380 0.003407942867103903
381 0.0030417657791074037
382 0.0032287001687357577
383 0.004354459469553847
384 0.0025852655308910874
385 0.0022380143704218815
386 0.003103868976605001
387 0.006576910147930985
388 0.0043102191010530285
389 0.012561777053019248
390 0.010379483549247932
391 0.011380482601833304
392 0.042465635162162514
393 0.026733414159851972
394 0.05445772230676279
395 0.08980150841811453
396 0.019128387513937202
397 0.16171360581695665
398 0.06996540875611001
399 0.16319246354769457
400 0.25572420939771867
401 0.08154905210393792
402 0.049737931010409055
403 0.16582489205692177
404 0.05610281647993517
405 0.02793924168803787
406 0.011182936550490031
407 0.013423660162853917
408 0.03531878024968713
409 0.007902652341672279
410 0.0022827018759815996
411 0.1732098350381228
412 0.018201116068133905
413 0.008054032839937027
414 0.010585733318853386
415 0.02156836071932708
416 0.01343876459253533
417 0.004135590937096722
418 0.009441677352901941
419 0.008351473562468117
420 0.01569831703536042
421 0.013744725523932227
422 0.011188783155714853
423 0.006149099773698507
424 0.00484957906811644
425 0.007245077534947426
426 0.007372803706142809
427 0.04239657705994107
428 0.00525298137205368
429 0.13081642791861103
430 0.008457112450334823
431 0.04678425700343488
432 0.029333987070446873
433 0.012798463470889957
434 0.014558847437691584
435 0.04134979264956085
436 0.14461080650286667
437 0.07986858761558503
438 0.6184584333566825
439 0.08521221747727944
440 0.1488500206530851
441 0.41675737646001276
442 0.29312714265802414
443 0.0980650107537421
444 0.07449394628642131
445 0.2994254667940756
446 0.28423504568807834
447 0.19835097198629648
448 0.1182510073032631
449 0.024334113774766616
450 0.11830863487320843
451 0.03740924532765384
452 0.2214026908660105
453 0.4204529928302357
454 0.08551772324359326
455 0.16849557112937602
456 0.09524558527251512
457 0.01849458401751813
458 0.04900045387411698
459 0.01730476039291226
460 0.019363221363620835
461 0.06822126867930392
462 0.028637204383580916
463 0.06966066988127459
464 0.09212595817540521
465 0.06693872541360009
466 0.14755444870200735
467 0.5231894432364065
468 0.6452513005279552
469 0.5205486178534446
470 0.8094646481959963
471 0.37382546280654544
472 0.5926878543412872
473 0.48232951338164193
474 0.695731409100842
475 0.286819975884065
476 0.1617741656485609
477 0.18531879322905345
478 0.06268189271725376
479 0.09569486545282205
480 0.029464177204545305
481 0.23825051407909978
482 0.01418059909445966
483 0.03501932917784772
484 0.003331805800456168
485 0.03820922525501906
486 0.0060313431181515265
487 0.004222225948226585
488 0.013739250113945644
489 0.023740857697584307
490 0.0037585649440515937
491 0.004775115180439197
492 0.005340550756001512
493 0.008576478064602343
494 0.0053117528427940415
495 0.022203544915385693
496 0.016964789949783354
497 0.01071968500227256
498 0.003457832464900481
499 0.002459541476620732
500 0.002168846603475679
501 0.0029887691153077708
502 0.00664221496163552
503 0.005384132748504389
504 0.0064447741036446115
505 0.0016758313599906497
506 0.01546245158967056
507 0.00604348148466755
508 0.004304667232101967
509 0.0022639345758991678
510 0.010228638235479919
511 0.010083901529683909
512 0.03981471369233079
513 0.003071221899786193
514 0.005827033549438601
515 0.004135787651238516
516 0.003434761456849254
517 0.014541625051024031
518 0.006157764085715969
519 0.0033712232494661457
520 0.003321056062051944
521 0.009041882806041249
522 0.00369109284326887
523 0.001686591250387116
524 0.026064502868666288
525 0.006399951633651538
526 0.004259730388489248
527 0.059072006984183745
528 0.011962789787007948
529 0.031039880818598854
530 0.006993749401295739
531 0.011392408117854615
532 0.02188117369191993
533 0.0690961089222793
534 0.011138058136445623
535 0.004877326944542622
536 0.004017100817831837
537 0.010523874856377463
538 0.022892540366485133
539 0.016994007238918217
540 0.014700868626697788
541 0.09150669922078114
542 0.02664131815053565
543 0.17898481430505528
544 0.023935198603400914
545 0.09596889342041985
546 0.033837821594544855
547 0.060965502902661214
548 0.03434125878563723
549 0.03604403384018631
550 0.01100892999235473
551 0.033498028612559454
552 0.03163031430837852
553 0.07341853774511312
554 0.06313542922795588
555 0.17053213659346864
556 0.6769993069591133
557 0.5735810343300853
558 0.06052634925509643
559 0.0758203892421337
560 0.03861559731376787
561 0.006414805854309045
562 0.10706340508657322
563 0.08581182817389953
564 0.018464306353475214
565 0.03343679130107429
566 0.1476400427912452
567 0.04722535972865453
568 0.0834539619375578
569 0.13359249975581086
570 0.1060693327486854
571 0.024215508782967354
572 0.007375950178831364
573 0.02703933560638492
574 0.0073173208059189795
575 0.006866822617224781
576 0.014283121952934222
577 0.005350583992956707
578 0.004573661495359695
579 0.006800026571172889
580 0.004128673729492675
581 0.059304488192760955
582 0.2676763866184584
583 0.10481896678308389
584 0.5380279965644442
585 0.1958086890785836
586 0.11108634283135094
587 0.1527286241694442
588 0.3139819448403407
589 0.27709012757740353
590 0.17995839149976722
591 0.04479927449164133
592 0.02271266400222383
593 0.45724731561663745
594 0.17640769127777192
595 0.01565962598226735
596 0.013982111764453423
597 0.013288833460352624
598 0.006635555174157979
599 0.014785261805251072
600 0.008709819894449956
601 0.010597187569091575
602 0.012360228472758375
603 0.15202317088243372
604 0.011519337823733595
605 0.06097466267694191
606 0.06933789586573019
607 0.29168652835251985
608 0.07096624464167539
609 0.04884661428613377
610 0.058691180737572665
611 0.014312874292967941
612 0.05041450994598353
613 0.010947806246668398
614 0.02807951852919226
615 0.023631849710720604
616 0.02156189440538579
617 0.03650091026327116
618 0.03869463442361806
619 0.10256274355381265
620 0.09236684371036216
621 0.06784754735192676
622 0.09961206503709598
623 0.0632869071660719
624 0.2924653944811927
625 0.07141292403976701
626 0.15977602385392056
627 0.12750265618085094
628 0.10682964498453658
629 0.4058747834558295
630 0.5384099081833886
631 0.2742824415800603
632 0.25863809060967313
633 0.24110383231496102
634 0.14887413563681623
635 0.06743491291938096
636 0.047482112933368764
637 0.037860181193433415
638 0.037308218800079326
639 0.01364090562752791
640 0.010171148216326547
641 0.010953139184093175
642 0.013097725408286034
643 0.006719341613510147
644 0.12353089171808153
645 0.008044687124648774
646 0.005887860879305363
647 0.038664643287834914
648 0.014577217961016561
649 0.05663591780789712
650 0.03547257883714632
651 0.005836913437517071
652 0.006578229199517177
653 0.04451237006140961
654 0.021106616321459146
655 0.056588001198529525
656 0.21964084535788636
657 0.06254375415690225
658 0.14980796117073528
659 0.5180004045671236
660 0.26117763819173107
661 0.10095492161283129
662 0.07244851818993563
663 0.04589417212961609
664 0.06832755434672476
665 0.09853817046730755
666 0.07576571697661642
667 0.003036338569044065
668 0.02746695328183494
669 0.020921991097720315
670 0.008010813281381025
671 0.022928836987184526
672 0.034891837300408526
673 0.006056255029606332
674 0.004064544489465168
675 0.03337178245708753
676 0.004943348544633638
677 0.008886811529823874
678 0.017008987693730784
679 0.0064690442862574355
680 0.028382049236239645
681 0.03558195632351308
682 0.0020080316991566366
683 0.025568367874984097
684 0.03486920815826454
685 0.007342535232679091
686 0.03549532018717307
687 0.03917343991342685
688 0.600997120063444
689 0.49628060746308095
690 0.4642974155971298
691 0.3170956801156921
692 0.03715133430395358
693 0.023023541562595975
694 0.02890869346658939
695 0.009191175210876645
696 0.028799822833084666
697 0.005622333641596912
698 0.019065721353000248
699 0.007747913251464221
700 0.23010883189545156
701 0.017504898423882316
702 0.08446661546220863
703 0.16817390830724205
704 0.01418066510180151
705 0.1953601339249603
706 0.0043920217579701435
707 0.009126584848174977
708 0.003653566291028712
709 0.01851919288191574
710 0.014593580770315936
711 0.0066237554979842505
712 0.010036822925215022
713 0.0067812097341121485
714 0.02344683588199543
715 0.02286371988889021
716 0.0754027452320785
717 0.19671602771277075
718 0.08587395685123629
719 0.13452931999903286
720 0.18622291315590014
721 0.031499805665576947
722 0.028198207779786807
723 0.018599307401063005
724 0.1335256695233479
725 0.0953614713122031
726 0.06983122817038938
727 0.14216114948306965
728 0.4993150017796243
729 0.47741317168423775
730 0.4700997535957925
731 0.4184035615143904
732 0.11314413541074451
733 0.06203725105651634
734 0.012747840942762498
735 0.03282725976671177
736 0.019407417188264747
737 0.03028354878787233
738 0.007670992684162894
739 0.011436710248074876
740 0.052484437733000114
741 0.21240002378340894
742 0.02734952755960237
743 0.04572778930999742
744 0.09231710277781602
745 0.01924839499085648
746 0.014516474346027814
747 0.31955781550275
748 0.011349385691673416
749 0.046570755936252616
750 0.017999144889552003
751 0.014365467091609544
752 0.003943631083712129
753 0.009599237125742639
754 0.007628379199697006
755 0.005409226838376926
756 0.010691307352663576
757 0.01358958000153881
758 0.14323104025340747
